{
 "cells": [
  {
   "cell_type": "markdown",
   "id": "02364307-4be5-4ad8-8b07-88d0dfc75398",
   "metadata": {},
   "source": [
    "### Queeny Mae Escabarte 21103388\n",
    "- My implementation"
   ]
  },
  {
   "cell_type": "code",
   "execution_count": 12,
   "id": "8e26095f-80c2-43cd-ac3a-340a6f85c1d5",
   "metadata": {},
   "outputs": [
    {
     "name": "stdout",
     "output_type": "stream",
     "text": [
      "\n",
      "Original Data:\n",
      "| Num   | Country          | X1    | X2    | X3    | X4    |X5    |X6    |X7    |X8    |\n",
      "----------------------------------------------------------------------------------------\n",
      "| 10    | Hungary          | N/A   | N/A   | N/A   | N/A   |N/A   |N/A   |N/A   |N/A   |\n",
      "| 22    | Poland           | -0.03 | 0.58  | -0.03 | 0.85  |0.02  |-0.01 |0.71  |0.52  |\n",
      "| 27    | Hungary          | N/A   | N/A   | N/A   | N/A   |N/A   |N/A   |N/A   |N/A   |\n",
      "| 73    | Poland           | 0.01  | 0.71  | 0.08  | 1.13  |0.11  |0.02  |0.42  |1.66  |\n",
      "| 74    | Poland           | -0.13 | 1.1   | -0.43 | 0.27  |-0.05 |0.04  |-0.07 |0.95  |\n",
      "| 100   | Poland           | 0     | 0     | 0     | 0     |0     |0     |0     |0     |\n",
      "| 139   | Poland           | 0.07  | 0.63  | 0.18  | 1.32  |0.08  |0.1   |0.6   |3.09  |\n",
      "| 142   | 'Czech Republic' | 0     | 0.19  | 0.13  | 2.88  |0.44  |0.07  |4.14  |0.22  |\n",
      "| 175   | Poland           | 0.06  | 0.52  | 0.05  | 1.14  |0.05  |0.08  |0.92  |1.8   |\n",
      "| 217   | Poland           | 0     | 0     | 0     | 0     |0     |0     |0     |0     |\n",
      "| 257   | Hungary          | N/A   | N/A   | N/A   | N/A   |N/A   |N/A   |N/A   |N/A   |\n",
      "| 270   | Poland           | 0.02  | 0.65  | 0.03  | 1.06  |0.02  |0.08  |0.54  |1.19  |\n",
      "| 276   | Poland           | 0.23  | 0.52  | 0.32  | 1.79  |0.23  |0.28  |0.93  |1.72  |\n",
      "| 290   | Poland           | 0.22  | 0.3   | 0.41  | 2.98  |0.22  |0.29  |2.26  |2.28  |\n",
      "| 366   | Poland           | N/A   | N/A   | N/A   | N/A   |N/A   |N/A   |N/A   |N/A   |\n",
      "| 405   | Poland           | 0     | 0.26  | 0.27  | 2.04  |0     |0     |2.85  |0.71  |\n",
      "\n",
      "Centered Data:\n",
      "[-0.0675, 0.12499999999999994, -0.11416666666666667, -0.43833333333333335, -0.07333333333333333, -0.08916666666666667, -0.3983333333333332, -0.6583333333333334]\n",
      "[-0.027499999999999997, 0.25499999999999995, -0.004166666666666666, -0.15833333333333344, 0.016666666666666663, -0.05916666666666667, -0.6883333333333332, 0.48166666666666647]\n",
      "[-0.1675, 0.645, -0.5141666666666667, -1.0183333333333333, -0.14333333333333334, -0.039166666666666676, -1.1783333333333332, -0.2283333333333335]\n",
      "[-0.0375, -0.455, -0.08416666666666667, -1.2883333333333333, -0.09333333333333334, -0.07916666666666668, -1.1083333333333332, -1.1783333333333335]\n",
      "[0.03250000000000001, 0.175, 0.09583333333333333, 0.03166666666666673, -0.013333333333333336, 0.02083333333333333, -0.5083333333333332, 1.9116666666666664]\n",
      "[-0.0375, -0.265, 0.04583333333333334, 1.5916666666666666, 0.3466666666666667, -0.00916666666666667, 3.0316666666666663, -0.9583333333333335]\n",
      "[0.0225, 0.065, -0.034166666666666665, -0.14833333333333343, -0.043333333333333335, 0.0008333333333333248, -0.18833333333333313, 0.6216666666666666]\n",
      "[-0.0375, -0.455, -0.08416666666666667, -1.2883333333333333, -0.09333333333333334, -0.07916666666666668, -1.1083333333333332, -1.1783333333333335]\n",
      "[-0.017499999999999998, 0.195, -0.05416666666666667, -0.22833333333333328, -0.07333333333333333, 0.0008333333333333248, -0.5683333333333331, 0.011666666666666492]\n",
      "[0.1925, 0.065, 0.23583333333333334, 0.5016666666666667, 0.13666666666666666, 0.20083333333333336, -0.17833333333333312, 0.5416666666666665]\n",
      "[0.1825, -0.15500000000000003, 0.3258333333333333, 1.6916666666666667, 0.12666666666666665, 0.21083333333333332, 1.1516666666666666, 1.1016666666666663]\n",
      "[-0.0375, -0.195, 0.18583333333333335, 0.7516666666666667, -0.09333333333333334, -0.07916666666666668, 1.741666666666667, -0.4683333333333335]\n",
      "\n",
      "Covariance Matrix:\n",
      "[0.11122499999999999, -0.08414999999999999, 0.199725, 0.62025, 0.0753, 0.10127500000000002, 0.31235, 0.59255]\n",
      "[-0.08414999999999999, 1.1200999999999999, -0.3499500000000001, -0.42619999999999997, -0.11630000000000001, 0.022650000000000014, -1.5218999999999998, 1.5525000000000002]\n",
      "[0.199725, -0.3499500000000001, 0.5032916666666666, 1.693783333333333, 0.17393333333333333, 0.14674166666666666, 1.625083333333333, 0.9059833333333331]\n",
      "[0.62025, -0.42619999999999997, 1.693783333333333, 10.860766666666667, 1.203166666666667, 0.6759833333333333, 12.474266666666663, 3.7046666666666668]\n",
      "[0.0753, -0.11630000000000001, 0.17393333333333333, 1.203166666666667, 0.21466666666666667, 0.08393333333333333, 1.4600666666666666, 0.18076666666666658]\n",
      "[0.10127500000000002, 0.022650000000000014, 0.14674166666666666, 0.6759833333333333, 0.08393333333333333, 0.11709166666666668, 0.3279833333333333, 0.6529833333333334]\n",
      "[0.31235, -1.5218999999999998, 1.625083333333333, 12.474266666666663, 1.4600666666666666, 0.3279833333333333, 18.677166666666665, -0.8326333333333331]\n",
      "[0.59255, 1.5525000000000002, 0.9059833333333331, 3.7046666666666668, 0.18076666666666658, 0.6529833333333334, -0.8326333333333331, 10.180366666666664]\n",
      "\n",
      "Principal Components (U matrix):\n",
      "-0.6575000000000002\n",
      "0.0\n",
      "0.0\n",
      "\n",
      "Singular Values (S matrix):\n",
      "[0.022499999999999826, 0.0, 0.0]\n",
      "\n",
      "Matrix U (SVD):\n",
      "[1.0, 0.0, 0.0, 0.0, 0.0, 0.0, 0.0, 0.0]\n",
      "[0.0, 1.0, 0.0, 0.0, 0.0, 0.0, 0.0, 0.0]\n",
      "[0.0, 0.0, 1.0, 0.0, 0.0, 0.0, 0.0, 0.0]\n",
      "[0.0, 0.0, 0.0, 1.0, 0.0, 0.0, 0.0, 0.0]\n",
      "[0.0, 0.0, 0.0, 0.0, 1.0, 0.0, 0.0, 0.0]\n",
      "[0.0, 0.0, 0.0, 0.0, 0.0, 1.0, 0.0, 0.0]\n",
      "[0.0, 0.0, 0.0, 0.0, 0.0, 0.0, 1.0, 0.0]\n",
      "[0.0, 0.0, 0.0, 0.0, 0.0, 0.0, 0.0, 1.0]\n",
      "\n",
      "Matrix S (SVD):\n",
      "[-0.6576368630896334]\n",
      "\n",
      "Matrix V^T (SVD):\n",
      "[1.0, 1.0, 1.0, 1.0, 1.0, 1.0, 1.0, 1.0]\n",
      "[0.0, 0.0, 0.0, 0.0, 0.0, 0.0, 0.0, 0.0]\n",
      "[0.0, 0.0, 0.0, 0.0, 0.0, 0.0, 0.0, 0.0]\n",
      "[0.0, 0.0, 0.0, 0.0, 0.0, 0.0, 0.0, 0.0]\n",
      "[0.0, 0.0, 0.0, 0.0, 0.0, 0.0, 0.0, 0.0]\n",
      "[0.0, 0.0, 0.0, 0.0, 0.0, 0.0, 0.0, 0.0]\n",
      "[0.0, 0.0, 0.0, 0.0, 0.0, 0.0, 0.0, 0.0]\n",
      "[0.0, 0.0, 0.0, 0.0, 0.0, 0.0, 0.0, 0.0]\n"
     ]
    }
   ],
   "source": [
    "def read_arff(file_path):\n",
    "    attributes = []\n",
    "    data = []\n",
    "    data_start = False\n",
    "    count = 0\n",
    "    with open(file_path, 'r') as file:\n",
    "        \n",
    "        for line in file:\n",
    "            line = line.strip()\n",
    "            \n",
    "            if not line or line.startswith('%'):\n",
    "                continue\n",
    "            if data_start:\n",
    "               data.append([value if value.lower() != 'm' else None for value in line.split(',')])\n",
    "            elif line.lower().startswith('@attribute'):\n",
    "                attributes.append(line.split()[1])\n",
    "            elif line.lower().startswith('@data'):\n",
    "                data_start = True\n",
    "\n",
    "    return attributes, data\n",
    "\n",
    "def center_data(data):\n",
    "    numeric_data = get_num_data(data)\n",
    "    mean_vals = [\n",
    "        sum(col) / len(col) if col else None\n",
    "        for col in zip(*numeric_data)\n",
    "    ]\n",
    "    return [\n",
    "        [value - mean_vals[col] for col, value in enumerate(row)]\n",
    "        for row in numeric_data\n",
    "    ], mean_vals\n",
    "\n",
    "def get_num_data(data):\n",
    "    return [[float(value) if value is not None else None for value in row[2:]] \n",
    "                    for row in data if any(value is not None for value in row[2:])]\n",
    "    \n",
    "def mult_matrices(m, n):\n",
    "    return [[dot_product(row, col) for col in trans(n)] for row in m]\n",
    "    \n",
    "def trans(m):\n",
    "    return [[row[i] for row in m] for i in range(len(m[0]))]\n",
    "\n",
    "def dot_product(a, b):\n",
    "    return sum(x * y for x, y in zip(a, b))\n",
    "\n",
    "def subtract_vectors(a, b):\n",
    "    return [x - y for x, y in zip(a, b)]\n",
    "\n",
    "def scalar_multiply(scalar, vector):\n",
    "    return [scalar * x for x in vector]\n",
    "\n",
    "def normalize(vector):\n",
    "    mag = magnitude(vector)\n",
    "    return [x / mag if mag != 0 else 0 for x in vector]\n",
    "\n",
    "def magnitude(vector):\n",
    "    return (sum(x ** 2 for x in vector)) ** 0.5\n",
    "\n",
    "def pca(data, num_components):\n",
    "    cd, mean = center_data(data)\n",
    "    cov = mult_matrices(trans(cd), cd)\n",
    "    u, _, v_t = svd(cov)\n",
    "\n",
    "    principal_comp = [row[:num_components] for row in trans(v_t)]\n",
    "    projected_data = mult_matrices(cd, principal_comp)\n",
    "\n",
    "    return projected_data, cov\n",
    "\n",
    "def svd(data):\n",
    "    cd, mean = center_data(data)\n",
    "\n",
    "    cov = mult_matrices(trans(cd), cd)\n",
    "\n",
    "    vec = [1.0] * len(cov[0])\n",
    "    for _ in range(50):\n",
    "        vec = mult_matrices([vec], cov)[0]\n",
    "        vec = scalar_multiply(1.0 / magnitude(vec), vec)\n",
    "\n",
    "    u = [[1.0 if i == j else 0.0 for j in range(len(vec))] for i in range(len(cov))]\n",
    "    v = [[1.0 if i == 0 else 0.0 for i in range(len(vec))] for _ in range(len(cov[0]))]\n",
    "\n",
    "    val = dot_product(cd[0], vec)\n",
    "    s = [val]\n",
    "\n",
    "    return u, s, trans(v)\n",
    "\n",
    "\n",
    "def multiply_matrices(mat1, mat2):\n",
    "    return [[dot_product(row, col) for col in trans(mat2)] for row in mat1]\n",
    "\n",
    "def normalize_columns(matrix):\n",
    "    if isinstance(matrix[0], (float, int)):\n",
    "        return normalize(matrix)\n",
    "    return [normalize(column) for column in trans(matrix)]\n",
    "\n",
    "def row_form(row):\n",
    "    formatted_row = [\"{:<5}\".format(value) if value is not None else \"N/A\" for value in row]\n",
    "    return \"| {:<5} | {:<16} | {:<5} | {:<5} | {:<5} | {:<5} |{:<5} |{:<5} |{:<5} |{:<5} |\".format(*formatted_row)\n",
    "\n",
    "def print_table(rows, col):\n",
    "    header = row_form(col)\n",
    "    print(header)\n",
    "    print(\"-\" * len(header))\n",
    "    for row in rows:\n",
    "        print(row_form(row))\n",
    "        \n",
    "attrib, data = read_arff('2020.arff')\n",
    "attrib = attrib[:10]\n",
    "data = [row[:10] for row in data[:16]]\n",
    "proj, cov = pca(data, 3)\n",
    "\n",
    "print(\"\\nOriginal Data:\")\n",
    "print_table(data, attrib)\n",
    "\n",
    "print(\"\\nCentered Data:\")\n",
    "centered_data, mean_values = center_data(data)\n",
    "for row in centered_data:\n",
    "    print(row)\n",
    "\n",
    "print(\"\\nCovariance Matrix:\")\n",
    "for row in cov:\n",
    "    print(row)\n",
    "\n",
    "print(\"\\nPrincipal Components (U matrix):\")\n",
    "for row in proj[0]:\n",
    "    print(row)\n",
    "\n",
    "print(\"\\nSingular Values (S matrix):\")\n",
    "print(proj[1])\n",
    "\n",
    "\n",
    "u_svd, s_svd, v_t_svd = svd(data)\n",
    "\n",
    "print(\"\\nMatrix U (SVD):\")\n",
    "for row in u_svd:\n",
    "    print(row)\n",
    "\n",
    "print(\"\\nMatrix S (SVD):\")\n",
    "print(s_svd)\n",
    "\n",
    "print(\"\\nMatrix V^T (SVD):\")\n",
    "for row in v_t_svd:\n",
    "    print(row)\n"
   ]
  },
  {
   "cell_type": "code",
   "execution_count": null,
   "id": "5004f895-65dd-491d-8eeb-7ffa08713eca",
   "metadata": {},
   "outputs": [],
   "source": []
  },
  {
   "cell_type": "markdown",
   "id": "c4ad17c2-5cc2-45c3-938b-01fa8789e829",
   "metadata": {},
   "source": [
    "When I compared my custom PCA and SVD implementation with scikit-learn's library, the results turned out a bit different. One  possible reason for this is how we handle things like standardization and categorical data. Scikit-learn's PCA automatically standardizes data, making sure each feature plays a fair role in building principal components. In my custom implementation, I only centered the data without standardizing it. Also, scikit-learn is smart enough to handle categorical data on its own, whereas my code doesn't. Another factor is the convergence criteria. My SVD has a fixed number of iterations, while scikit-learn adapts until it converges. So, aligning my code more with scikit-learn's default behaviors, especially in terms of standardization and handling categorical data, might make our results closer."
   ]
  },
  {
   "cell_type": "code",
   "execution_count": null,
   "id": "228c8a42-3115-41e2-8bf0-0755495b8741",
   "metadata": {},
   "outputs": [],
   "source": []
  },
  {
   "cell_type": "code",
   "execution_count": null,
   "id": "0821fd90-f1f6-4d6c-908b-2ac296b64113",
   "metadata": {},
   "outputs": [],
   "source": []
  }
 ],
 "metadata": {
  "kernelspec": {
   "display_name": "Python 3 (ipykernel)",
   "language": "python",
   "name": "python3"
  },
  "language_info": {
   "codemirror_mode": {
    "name": "ipython",
    "version": 3
   },
   "file_extension": ".py",
   "mimetype": "text/x-python",
   "name": "python",
   "nbconvert_exporter": "python",
   "pygments_lexer": "ipython3",
   "version": "3.11.5"
  }
 },
 "nbformat": 4,
 "nbformat_minor": 5
}
