{
 "cells": [
  {
   "cell_type": "markdown",
   "id": "02364307-4be5-4ad8-8b07-88d0dfc75398",
   "metadata": {},
   "source": [
    "### Queeny Mae Escabarte 21103388"
   ]
  },
  {
   "cell_type": "code",
   "execution_count": 1,
   "id": "8e26095f-80c2-43cd-ac3a-340a6f85c1d5",
   "metadata": {},
   "outputs": [
    {
     "name": "stdout",
     "output_type": "stream",
     "text": [
      "\n",
      "Original Data:\n",
      "| Num   | Country          | X1    | X2    | X3    | X4    |X5    |X6    |X7    |X8    |\n",
      "----------------------------------------------------------------------------------------\n",
      "| 10    | Hungary          | 0.14  | 0.53  | 0.19  | 1.41  |0.33  |0.14  |0.89  |1.08  |\n",
      "| 22    | Poland           | 0.01  | 0.5   | 0.07  | 1.4   |0.06  |0.03  |1.01  |0.65  |\n",
      "| 27    | Hungary          | 0.03  | 0.74  | 0.01  | 1.02  |0     |0.03  |0.35  |0.93  |\n",
      "| 73    | Poland           | 0     | 0.58  | 0.15  | 1.29  |0.22  |0.01  |0.72  |0.85  |\n",
      "| 74    | Poland           | 0     | 0     | 0     | 0     |0     |0     |0     |0     |\n",
      "| 100   | Poland           | 0     | 0     | 0     | 0     |0     |0     |0     |0     |\n",
      "| 139   | Poland           | 0.01  | 0.61  | 0.14  | 1.24  |0     |0.06  |0.63  |3.56  |\n",
      "| 142   | 'Czech Republic' | 0.13  | 0.14  | 0.13  | 3.76  |0.41  |0.13  |6.02  |0.16  |\n",
      "| 175   | Poland           | 0.02  | 0.53  | 0.05  | 1.14  |0.02  |0.04  |0.89  |1.41  |\n",
      "| 217   | Poland           | 0.04  | 0.55  | 0.23  | 2.05  |0.04  |0.05  |0.83  |0.85  |\n",
      "| 257   | Hungary          | 0.06  | 0.2   | -0.15 | 0.25  |0.06  |0.06  |4.1   |0.08  |\n",
      "| 270   | Poland           | 0.01  | 0.62  | 0.04  | 1.09  |0.01  |0.05  |0.61  |1.39  |\n",
      "| 276   | Poland           | 0     | 0     | 0     | 0     |0     |0     |0     |0     |\n",
      "| 290   | Poland           | 0     | 0     | 0     | 0     |0     |0     |0     |0     |\n",
      "| 366   | Poland           | 0.02  | 0.61  | 0.13  | 1.36  |0.02  |0.05  |0.64  |0.39  |\n",
      "| 405   | Poland           | -0.11 | 0.38  | 0.07  | 1.19  |-0.11 |-0.1  |1.66  |1.19  |\n",
      "\n",
      "Centered Data:\n",
      "[0.11750000000000001, 0.155625, 0.12375, 0.33499999999999996, 0.26375000000000004, 0.105625, -0.2568750000000001, 0.29625]\n",
      "[-0.012500000000000006, 0.125625, 0.0037500000000000033, 0.32499999999999996, -0.0062500000000000056, -0.004375000000000011, -0.13687500000000008, -0.13375000000000004]\n",
      "[0.007499999999999993, 0.365625, -0.05625, -0.05499999999999994, -0.06625, -0.004375000000000011, -0.7968750000000001, 0.14625]\n",
      "[-0.022500000000000006, 0.20562499999999995, 0.08374999999999999, 0.21500000000000008, 0.15375, -0.024375000000000008, -0.4268750000000001, 0.06624999999999992]\n",
      "[-0.022500000000000006, -0.374375, -0.06625, -1.075, -0.06625, -0.03437500000000001, -1.146875, -0.7837500000000001]\n",
      "[-0.022500000000000006, -0.374375, -0.06625, -1.075, -0.06625, -0.03437500000000001, -1.146875, -0.7837500000000001]\n",
      "[-0.012500000000000006, 0.23562499999999997, 0.07375000000000001, 0.16500000000000004, -0.06625, 0.025624999999999988, -0.5168750000000001, 2.77625]\n",
      "[0.1075, -0.234375, 0.06375, 2.6849999999999996, 0.34375, 0.09562499999999999, 4.873125, -0.62375]\n",
      "[-0.0025000000000000057, 0.155625, -0.01625, 0.06499999999999995, -0.04625, 0.005624999999999991, -0.2568750000000001, 0.6262499999999999]\n",
      "[0.017499999999999995, 0.17562500000000003, 0.16375, 0.9749999999999999, -0.026250000000000002, 0.015624999999999993, -0.31687500000000013, 0.06624999999999992]\n",
      "[0.03749999999999999, -0.174375, -0.21625, -0.825, -0.0062500000000000056, 0.025624999999999988, 2.9531249999999996, -0.7037500000000001]\n",
      "[-0.012500000000000006, 0.24562499999999998, -0.026250000000000002, 0.015000000000000124, -0.05625, 0.015624999999999993, -0.5368750000000001, 0.6062499999999998]\n",
      "[-0.022500000000000006, -0.374375, -0.06625, -1.075, -0.06625, -0.03437500000000001, -1.146875, -0.7837500000000001]\n",
      "[-0.022500000000000006, -0.374375, -0.06625, -1.075, -0.06625, -0.03437500000000001, -1.146875, -0.7837500000000001]\n",
      "[-0.0025000000000000057, 0.23562499999999997, 0.06375, 0.28500000000000014, -0.04625, 0.015624999999999993, -0.5068750000000001, -0.39375000000000004]\n",
      "[-0.1325, 0.005624999999999991, 0.0037500000000000033, 0.11499999999999999, -0.17625000000000002, -0.13437500000000002, 0.5131249999999998, 0.4062499999999999]\n",
      "\n",
      "Covariance Matrix:\n",
      "[0.047700000000000006, 0.012125000000000002, 0.018549999999999997, 0.38319999999999993, 0.09444999999999999, 0.04482500000000001, 0.6545249999999998, -0.08234999999999998]\n",
      "[0.012125000000000002, 1.0883937499999998, 0.19056250000000002, 1.5331500000000002, 0.01426250000000001, 0.050293750000000005, -0.8417812499999998, 2.3606375]\n",
      "[0.018549999999999997, 0.19056250000000002, 0.13117499999999999, 0.8871999999999999, 0.079475, 0.025362500000000003, -0.1493874999999999, 0.5195250000000001]\n",
      "[0.38319999999999993, 1.5331500000000002, 0.8871999999999999, 13.8562, 1.2621999999999993, 0.42144999999999994, 14.896649999999998, 2.8449000000000004]\n",
      "[0.09444999999999999, 0.01426250000000001, 0.079475, 1.2621999999999993, 0.2769750000000001, 0.0859625, 1.8985124999999998, -0.224975]\n",
      "[0.04482500000000001, 0.050293750000000005, 0.025362500000000003, 0.42144999999999994, 0.0859625, 0.04579375000000001, 0.5818187499999998, 0.08413750000000002]\n",
      "[0.6545249999999998, -0.8417812499999998, -0.1493874999999999, 14.896649999999998, 1.8985124999999998, 0.5818187499999998, 39.873543749999996, -3.2593125]\n",
      "[-0.08234999999999998, 2.3606375, 0.5195250000000001, 2.8449000000000004, -0.224975, 0.08413750000000002, -3.2593125, 12.264575]\n",
      "\n",
      "Principal Components (U matrix):\n",
      "1.10125\n",
      "0.0\n",
      "0.0\n",
      "\n",
      "Singular Values (S matrix):\n",
      "[0.4312499999999999, 0.0, 0.0]\n",
      "\n",
      "Matrix U (SVD):\n",
      "[1.0, 0.0, 0.0, 0.0, 0.0, 0.0, 0.0, 0.0]\n",
      "[0.0, 1.0, 0.0, 0.0, 0.0, 0.0, 0.0, 0.0]\n",
      "[0.0, 0.0, 1.0, 0.0, 0.0, 0.0, 0.0, 0.0]\n",
      "[0.0, 0.0, 0.0, 1.0, 0.0, 0.0, 0.0, 0.0]\n",
      "[0.0, 0.0, 0.0, 0.0, 1.0, 0.0, 0.0, 0.0]\n",
      "[0.0, 0.0, 0.0, 0.0, 0.0, 1.0, 0.0, 0.0]\n",
      "[0.0, 0.0, 0.0, 0.0, 0.0, 0.0, 1.0, 0.0]\n",
      "[0.0, 0.0, 0.0, 0.0, 0.0, 0.0, 0.0, 1.0]\n",
      "\n",
      "Matrix S (SVD):\n",
      "[-0.0967367124718002]\n",
      "\n",
      "Matrix V^T (SVD):\n",
      "[1.0, 1.0, 1.0, 1.0, 1.0, 1.0, 1.0, 1.0]\n",
      "[0.0, 0.0, 0.0, 0.0, 0.0, 0.0, 0.0, 0.0]\n",
      "[0.0, 0.0, 0.0, 0.0, 0.0, 0.0, 0.0, 0.0]\n",
      "[0.0, 0.0, 0.0, 0.0, 0.0, 0.0, 0.0, 0.0]\n",
      "[0.0, 0.0, 0.0, 0.0, 0.0, 0.0, 0.0, 0.0]\n",
      "[0.0, 0.0, 0.0, 0.0, 0.0, 0.0, 0.0, 0.0]\n",
      "[0.0, 0.0, 0.0, 0.0, 0.0, 0.0, 0.0, 0.0]\n",
      "[0.0, 0.0, 0.0, 0.0, 0.0, 0.0, 0.0, 0.0]\n"
     ]
    }
   ],
   "source": [
    "def read_arff(file_path):\n",
    "    attributes = []\n",
    "    data = []\n",
    "    data_start = False\n",
    "    count = 0\n",
    "    with open(file_path, 'r') as file:\n",
    "        \n",
    "        for line in file:\n",
    "            line = line.strip()\n",
    "            \n",
    "            if not line or line.startswith('%'):\n",
    "                continue\n",
    "            if data_start:\n",
    "               data.append([value if value.lower() != 'm' else None for value in line.split(',')])\n",
    "            elif line.lower().startswith('@attribute'):\n",
    "                attributes.append(line.split()[1])\n",
    "            elif line.lower().startswith('@data'):\n",
    "                data_start = True\n",
    "\n",
    "    return attributes, data\n",
    "\n",
    "def center_data(data):\n",
    "    numeric_data = get_num_data(data)\n",
    "    mean_vals = [\n",
    "        sum(col) / len(col) if col else None\n",
    "        for col in zip(*numeric_data)\n",
    "    ]\n",
    "    return [\n",
    "        [value - mean_vals[col] for col, value in enumerate(row)]\n",
    "        for row in numeric_data\n",
    "    ], mean_vals\n",
    "\n",
    "def get_num_data(data):\n",
    "    return [[float(value) if value is not None else None for value in row[2:]] \n",
    "                    for row in data if any(value is not None for value in row[2:])]\n",
    "    \n",
    "def mult_matrices(m, n):\n",
    "    return [[dot_product(row, col) for col in trans(n)] for row in m]\n",
    "    \n",
    "def trans(m):\n",
    "    return [[row[i] for row in m] for i in range(len(m[0]))]\n",
    "\n",
    "def dot_product(a, b):\n",
    "    return sum(x * y for x, y in zip(a, b))\n",
    "\n",
    "def subtract_vectors(a, b):\n",
    "    return [x - y for x, y in zip(a, b)]\n",
    "\n",
    "def scalar_multiply(scalar, vector):\n",
    "    return [scalar * x for x in vector]\n",
    "\n",
    "def normalize(vector):\n",
    "    mag = magnitude(vector)\n",
    "    return [x / mag if mag != 0 else 0 for x in vector]\n",
    "\n",
    "def magnitude(vector):\n",
    "    return (sum(x ** 2 for x in vector)) ** 0.5\n",
    "\n",
    "def pca(data, num_components):\n",
    "    cd, mean = center_data(data)\n",
    "    cov = mult_matrices(trans(cd), cd)\n",
    "    u, _, v_t = svd(cov)\n",
    "\n",
    "    principal_comp = [row[:num_components] for row in trans(v_t)]\n",
    "    projected_data = mult_matrices(cd, principal_comp)\n",
    "\n",
    "    return projected_data, cov\n",
    "\n",
    "def svd(data):\n",
    "    cd, mean = center_data(data)\n",
    "\n",
    "    cov = mult_matrices(trans(cd), cd)\n",
    "\n",
    "    vec = [1.0] * len(cov[0])\n",
    "    for _ in range(50):\n",
    "        vec = mult_matrices([vec], cov)[0]\n",
    "        vec = scalar_multiply(1.0 / magnitude(vec), vec)\n",
    "\n",
    "    u = [[1.0 if i == j else 0.0 for j in range(len(vec))] for i in range(len(cov))]\n",
    "    v = [[1.0 if i == 0 else 0.0 for i in range(len(vec))] for _ in range(len(cov[0]))]\n",
    "\n",
    "    val = dot_product(cd[0], vec)\n",
    "    s = [val]\n",
    "\n",
    "    return u, s, trans(v)\n",
    "\n",
    "\n",
    "def multiply_matrices(mat1, mat2):\n",
    "    return [[dot_product(row, col) for col in trans(mat2)] for row in mat1]\n",
    "\n",
    "def normalize_columns(matrix):\n",
    "    if isinstance(matrix[0], (float, int)):\n",
    "        return normalize(matrix)\n",
    "    return [normalize(column) for column in trans(matrix)]\n",
    "\n",
    "def row_form(row):\n",
    "    formatted_row = [\"{:<5}\".format(value) if value is not None else \"N/A\" for value in row]\n",
    "    return \"| {:<5} | {:<16} | {:<5} | {:<5} | {:<5} | {:<5} |{:<5} |{:<5} |{:<5} |{:<5} |\".format(*formatted_row)\n",
    "\n",
    "def print_table(rows, col):\n",
    "    header = row_form(col)\n",
    "    print(header)\n",
    "    print(\"-\" * len(header))\n",
    "    for row in rows:\n",
    "        print(row_form(row))\n",
    "        \n",
    "attrib, data = read_arff('2017.arff')\n",
    "attrib = attrib[:10]\n",
    "data = [row[:10] for row in data[:16]]\n",
    "proj, cov = pca(data, 3)\n",
    "\n",
    "print(\"\\nOriginal Data:\")\n",
    "print_table(data, attrib)\n",
    "\n",
    "print(\"\\nCentered Data:\")\n",
    "centered_data, mean_values = center_data(data)\n",
    "for row in centered_data:\n",
    "    print(row)\n",
    "\n",
    "print(\"\\nCovariance Matrix:\")\n",
    "for row in cov:\n",
    "    print(row)\n",
    "\n",
    "print(\"\\nPrincipal Components (U matrix):\")\n",
    "for row in proj[0]:\n",
    "    print(row)\n",
    "\n",
    "print(\"\\nSingular Values (S matrix):\")\n",
    "print(proj[1])\n",
    "\n",
    "\n",
    "u_svd, s_svd, v_t_svd = svd(data)\n",
    "\n",
    "print(\"\\nMatrix U (SVD):\")\n",
    "for row in u_svd:\n",
    "    print(row)\n",
    "\n",
    "print(\"\\nMatrix S (SVD):\")\n",
    "print(s_svd)\n",
    "\n",
    "print(\"\\nMatrix V^T (SVD):\")\n",
    "for row in v_t_svd:\n",
    "    print(row)\n"
   ]
  },
  {
   "cell_type": "code",
   "execution_count": null,
   "id": "5004f895-65dd-491d-8eeb-7ffa08713eca",
   "metadata": {},
   "outputs": [],
   "source": []
  },
  {
   "cell_type": "markdown",
   "id": "c4ad17c2-5cc2-45c3-938b-01fa8789e829",
   "metadata": {},
   "source": [
    "When I compared my custom PCA and SVD implementation with scikit-learn's library, the results turned out a bit different. One  possible reason for this is how we handle things like standardization and categorical data. Scikit-learn's PCA automatically standardizes data, making sure each feature plays a fair role in building principal components. In my custom implementation, I only centered the data without standardizing it. Also, scikit-learn is smart enough to handle categorical data on its own, whereas my code doesn't. Another factor is the convergence criteria. My SVD has a fixed number of iterations, while scikit-learn adapts until it converges. So, aligning my code more with scikit-learn's default behaviors, especially in terms of standardization and handling categorical data, might make our results closer."
   ]
  },
  {
   "cell_type": "code",
   "execution_count": null,
   "id": "228c8a42-3115-41e2-8bf0-0755495b8741",
   "metadata": {},
   "outputs": [],
   "source": []
  },
  {
   "cell_type": "code",
   "execution_count": null,
   "id": "0821fd90-f1f6-4d6c-908b-2ac296b64113",
   "metadata": {},
   "outputs": [],
   "source": []
  }
 ],
 "metadata": {
  "kernelspec": {
   "display_name": "Python 3 (ipykernel)",
   "language": "python",
   "name": "python3"
  },
  "language_info": {
   "codemirror_mode": {
    "name": "ipython",
    "version": 3
   },
   "file_extension": ".py",
   "mimetype": "text/x-python",
   "name": "python",
   "nbconvert_exporter": "python",
   "pygments_lexer": "ipython3",
   "version": "3.11.5"
  }
 },
 "nbformat": 4,
 "nbformat_minor": 5
}
